kinematics:
  shoulder:
    x: 0
    y: 0
    z: 0.1807553087733551
    roll: -0
    pitch: 0
    yaw: -3.521007319734482e-08
  upper_arm:
    x: -7.047998578340591e-05
    y: 0
    z: 0
    roll: 1.571298643686551
    pitch: 0
    yaw: -4.122718618049248e-06
  forearm:
    x: -0.6121838871754557
    y: 0
    z: 0
    roll: 0.002108011200963958
    pitch: 0.0005934430200609033
    yaw: 1.003354316425251e-05
  wrist_1:
    x: -0.5713997174860065
    y: -0.001075905014822805
    z: 0.1733797827982821
    roll: 0.006205401734048358
    pitch: -0.002305635289177762
    yaw: 8.851525580636338e-06
  wrist_2:
    x: -2.753211644733953e-05
    y: -0.1197544923397351
    z: 9.514015504315152e-05
    roll: 1.5700018669532
    pitch: 0
    yaw: 5.450018895510316e-06
  wrist_3:
    x: 1.227581773963887e-05
    y: 0.1155892519961403
    z: 7.911863618870236e-05
    roll: 1.571480807596237
    pitch: 3.141592653589793
    yaw: -3.141592577781796
  hash: calib_4984532460063119432